Size	1	2	4	8	16	32	64	128
25000	0.211840	0.114560	0.072160	0.048512	0.037728	0.031264	0.029888	0.028640
50000	0.375808	0.200320	0.112352	0.070144	0.051904	0.037440	0.033056	0.030784
75000	0.551360	0.288064	0.157216	0.091104	0.061024	0.043456	0.036160	0.032384
100000	0.727328	0.375840	0.200640	0.113312	0.069760	0.049312	0.038848	0.035360
125000	0.901344	0.466272	0.244224	0.134880	0.084992	0.055264	0.042752	0.036672
150000	1.075936	0.553440	0.288320	0.156928	0.091360	0.061184	0.045632	0.039072
175000	1.251616	0.640672	0.331712	0.178688	0.108352	0.069152	0.050464	0.041632
200000	1.426528	0.727936	0.375264	0.200256	0.112064	0.072896	0.052416	0.043680
225000	1.602400	0.814016	0.419616	0.222112	0.132448	0.080160	0.058368	0.046464
250000	1.777472	0.904384	0.463360	0.245536	0.135168	0.084352	0.059616	0.049984
275000	1.952608	0.989856	0.508512	0.266016	0.155904	0.091136	0.064192	0.049472
300000	2.126848	1.077216	0.552672	0.288224	0.157568	0.096480	0.067840	0.052160
325000	2.302656	1.166976	0.595264	0.309344	0.179296	0.103744	0.069184	0.053696
350000	2.478080	1.253696	0.639328	0.333920	0.206496	0.111872	0.076576	0.057504
375000	2.613440	1.332864	0.680768	0.353280	0.202688	0.115264	0.077184	0.058784
400000	2.786304	1.418720	0.721056	0.374688	0.199776	0.120544	0.079232	0.062816
425000	2.957600	1.509152	0.768000	0.396416	0.224704	0.126496	0.084896	0.065120
450000	3.130688	1.594368	0.811136	0.418272	0.221984	0.132320	0.087840	0.069344
475000	3.304192	1.679296	0.853376	0.441312	0.248288	0.137920	0.091424	0.070784
500000	3.474624	1.774016	0.898752	0.461984	0.243616	0.143840	0.095552	0.070752
525000	3.647552	1.854368	0.940608	0.483616	0.271776	0.150272	0.098240	0.071264
550000	3.820768	1.944416	0.985504	0.506112	0.267520	0.158176	0.102496	0.073952
575000	3.993408	2.033312	1.028864	0.528896	0.294624	0.162336	0.105760	0.080000
600000	4.164960	2.119488	1.075584	0.551872	0.288064	0.168576	0.109088	0.078208
625000	4.337856	2.206112	1.114880	0.574656	0.318368	0.175168	0.111936	0.081856
650000	4.510176	2.288640	1.158784	0.593280	0.309824	0.179296	0.114976	0.086208
675000	4.681856	2.383872	1.203936	0.615424	0.343008	0.184832	0.117760	0.088448
700000	4.855808	2.468320	1.245024	0.637440	0.331424	0.192416	0.122016	0.090112
725000	5.029344	2.555392	1.291936	0.658816	0.366048	0.198144	0.126208	0.089696
750000	5.049952	2.412384	1.219584	0.622144	0.323360	0.187200	0.120960	0.085696
775000	4.958144	2.492000	1.259104	0.642624	0.360352	0.193696	0.124448	0.087744
800000	5.118368	2.572032	1.298464	0.683552	0.345632	0.199936	0.127520	0.092896
825000	5.275744	2.652544	1.338432	0.682624	0.381792	0.205280	0.130144	0.091904
850000	5.436224	2.730496	1.378368	0.701824	0.363104	0.209984	0.133696	0.094816
875000	5.593664	2.810528	1.418880	0.721728	0.404800	0.215360	0.135584	0.095008
900000	5.754464	2.890144	1.457440	0.741312	0.384640	0.219424	0.139712	0.097376
925000	5.871872	2.954176	1.490240	0.759008	0.421824	0.224736	0.140864	0.100288
950000	6.030304	3.033248	1.529536	0.778176	0.402112	0.230752	0.145536	0.101888
975000	6.187392	3.110240	1.571680	0.799488	0.443968	0.237344	0.149760	0.101888
1000000	6.416000	3.191424	1.609920	0.818528	0.422784	0.221248	0.137632	0.096416
1025000	6.014400	2.975936	1.500352	0.763360	0.426144	0.227456	0.143776	0.098880
1050000	6.071424	3.080256	1.544832	0.783456	0.404352	0.230912	0.145120	0.103200
1075000	6.214304	3.119264	1.572832	0.798240	0.445856	0.236288	0.146656	0.103712
1100000	6.358240	3.199712	1.607872	0.816512	0.422016	0.241280	0.148224	0.105696
1125000	6.500480	3.263552	1.643072	0.830496	0.462848	0.243616	0.153664	0.103712
1150000	6.602432	3.314752	1.670112	0.849120	0.437952	0.250592	0.156416	0.112960
1175000	6.745152	3.387328	1.706016	0.866304	0.481856	0.253504	0.159072	0.112096
1200000	6.888576	3.458304	1.741024	0.884768	0.455616	0.260928	0.162304	0.111808
1225000	7.031616	3.485632	1.757248	0.890464	0.495808	0.261344	0.162528	0.112864
1250000	7.085152	3.555776	1.790816	0.907008	0.466784	0.265632	0.165920	0.115680
1275000	7.228352	3.625728	1.825408	0.924640	0.513856	0.271456	0.170944	0.115360
1300000	7.368384	3.696896	1.862016	0.943616	0.484384	0.274432	0.171936	0.116864
1325000	7.508704	3.767584	1.896960	0.960576	0.534272	0.280768	0.170720	0.122784
1350000	7.652800	3.843008	1.937216	0.998400	0.552256	0.290624	0.180192	0.125152
1375000	7.765664	3.912256	1.969632	0.999488	0.554400	0.291712	0.177632	0.124736
1400000	7.899936	4.042784	2.005152	1.015520	0.521056	0.294528	0.181952	0.124160
1425000	8.137312	4.050336	2.038208	1.031008	0.571616	0.298336	0.177024	0.126144
1450000	8.188800	4.179616	2.073472	1.048960	0.537472	0.304544	0.183456	0.130912
1475000	8.330176	4.191104	2.107392	1.066720	0.591872	0.307552	0.187552	0.128448
1500000	8.462784	4.261504	2.145056	1.084224	0.554144	0.311744	0.193632	0.131584
1525000	8.605024	4.333312	2.180000	1.102080	0.612416	0.319808	0.188608	0.135744
1550000	8.749984	4.403616	2.214336	1.120544	0.572000	0.323360	0.197312	0.135488
1575000	8.887008	4.473056	2.251136	1.136704	0.628992	0.328512	0.199040	0.138976
1600000	9.027712	4.545344	2.285696	1.155712	0.590176	0.332448	0.200448	0.138656
1625000	9.170080	4.614624	2.320544	1.173312	0.649536	0.336064	0.202432	0.140608
1650000	9.308832	4.777088	2.356896	1.191584	0.608576	0.341504	0.206144	0.143904
1675000	9.447392	4.757824	2.391232	1.210016	0.668032	0.347680	0.211520	0.145056
1700000	9.589472	4.827904	2.426528	1.225344	0.624960	0.352032	0.214176	0.145952
1725000	9.728096	4.898368	2.462208	1.243776	0.687616	0.356960	0.214336	0.149632
1750000	9.872320	4.967648	2.496832	1.261088	0.643296	0.362016	0.219104	0.150560
1775000	10.006080	5.039456	2.533504	1.280224	0.707136	0.365696	0.220448	0.149568
1800000	10.158368	5.114368	2.570464	1.296960	0.661376	0.370496	0.224416	0.150368
1825000	10.287200	5.199680	2.604064	1.314368	0.725632	0.376192	0.222784	0.149824
1850000	10.431904	5.250208	2.638496	1.332320	0.677888	0.379776	0.228256	0.158080
1875000	10.569024	5.321344	2.673056	1.348512	0.744288	0.384960	0.231712	0.164864
1900000	10.716512	5.391648	2.708064	1.366400	0.695552	0.391648	0.234464	0.158432
1925000	10.854304	5.462720	2.745280	1.385632	0.764224	0.393600	0.235680	0.159264
1950000	11.001024	5.550624	2.782272	1.402848	0.713536	0.399456	0.239904	0.163296
1975000	11.138912	5.605376	2.814624	1.420480	0.784224	0.404448	0.239232	0.163744
2000000	11.277984	5.674176	2.849088	1.438976	0.731392	0.408992	0.249216	0.163360
2025000	11.421184	5.744736	2.884544	1.454656	0.801856	0.414432	0.251104	0.165056
2050000	11.554400	5.815520	2.919872	1.473216	0.749088	0.419840	0.247104	0.171392
2075000	11.694400	5.887392	2.956128	1.491168	0.822560	0.424512	0.258784	0.172032
2100000	11.837792	5.956992	2.990272	1.507584	0.766432	0.429184	0.254016	0.173568
2125000	12.039424	6.027456	3.025952	1.526560	0.839616	0.433888	0.258752	0.171168
2150000	12.126592	6.098016	3.062592	1.543200	0.783584	0.437696	0.262464	0.179104
2175000	12.276512	6.168480	3.096320	1.560992	0.859360	0.442816	0.263392	0.179168
2200000	12.399392	6.238368	3.131808	1.578784	0.802048	0.448000	0.263616	0.179200
2225000	12.550560	6.309824	3.167840	1.596768	0.879328	0.453280	0.267680	0.184320
2250000	12.692384	6.379968	3.206912	1.615744	0.819936	0.458304	0.278784	0.181536
2275000	12.826720	6.450432	3.239232	1.632320	0.898560	0.488512	0.269600	0.186176
2300000	12.976896	6.523904	3.273600	1.649088	0.836736	0.468256	0.274688	0.185728
2325000	13.117408	6.591840	3.309792	1.667808	0.920096	0.470592	0.273248	0.186048
2350000	13.268576	6.664256	3.343808	1.684896	0.855744	0.476672	0.280032	0.191200
2375000	13.397696	6.732256	3.379040	1.703424	0.936736	0.481696	0.289056	0.194656
2400000	13.544768	6.805152	3.414272	1.719392	0.872608	0.485344	0.288064	0.194272
2425000	13.691776	6.874368	3.450240	1.737888	0.955232	0.491200	0.297024	0.192544
2450000	13.830208	6.947232	3.486208	1.755136	0.890592	0.494592	0.301184	0.197280
2475000	13.969504	7.016896	3.519808	1.772896	0.974720	0.501760	0.295808	0.197088
2500000	14.099840	7.086272	3.555136	1.789792	0.907040	0.505472	0.295616	0.202624
2525000	14.251328	7.222304	3.590944	1.807648	0.995136	0.510560	0.302592	0.202880
2550000	14.481472	7.229280	3.625792	1.825024	0.924992	0.514976	0.300992	0.202048
2575000	14.536992	7.299328	3.663200	1.842816	1.014528	0.518848	0.304896	0.205920
2600000	14.671136	7.370976	3.697888	1.860608	0.944480	0.525792	0.314720	0.209088
2625000	14.816992	7.440736	3.732192	1.877856	1.033120	0.529920	0.316832	0.205792
2650000	14.955232	7.510048	3.766688	1.899136	0.961056	0.533888	0.321920	0.208160
2675000	15.095552	7.580480	3.802304	1.914464	1.051872	0.538464	0.318432	0.213280
2700000	15.250720	7.652128	3.838976	1.938112	0.979712	0.543776	0.316224	0.214304
2725000	15.392256	7.726912	3.874976	1.949728	1.071744	0.548928	0.321088	0.214080
2750000	15.514912	7.792576	3.909664	1.968384	0.996800	0.554752	0.321056	0.217120
2775000	15.654496	7.863776	3.945184	1.984768	1.090528	0.558400	0.324352	0.221312
2800000	15.804192	7.934816	3.980032	2.006560	1.014432	0.564160	0.329152	0.221216
2825000	15.930656	8.004704	4.014432	2.019968	1.109312	0.568704	0.333632	0.219008
2850000	16.079201	8.074976	4.051296	2.038176	1.031136	0.572672	0.332960	0.220736
2875000	16.204704	8.163008	4.086976	2.056160	1.128480	0.576608	0.345792	0.228352
2900000	16.354496	8.276192	4.121216	2.073888	1.048384	0.666560	0.339264	0.229408
2925000	16.496449	8.288288	4.155360	2.090176	1.147008	0.588000	0.342176	0.228672
2950000	16.653025	8.359488	4.193088	2.109184	1.066240	0.592800	0.345120	0.230784
2975000	16.786049	8.427360	4.227136	2.124928	1.169120	0.597216	0.355072	0.231904
3000000	16.924128	8.500096	4.262240	2.144672	1.084384	0.601824	0.362304	0.243712
3025000	17.077345	8.583392	4.297056	2.163744	1.186752	0.606560	0.364832	0.237120
3050000	17.208704	8.640928	4.333504	2.179264	1.102848	0.612352	0.354464	0.238112
3075000	17.344513	8.711008	4.369088	2.197056	1.246144	0.615424	0.357344	0.239072
3100000	17.477407	8.780960	4.402752	2.213952	1.119776	0.620160	0.366048	0.241280
3125000	17.636127	11.385408	4.442880	2.232384	1.223648	0.624800	0.362400	0.245312
3150000	17.773216	8.924544	4.475008	2.249344	1.137696	0.630336	0.377088	0.247808
3175000	17.908224	8.995872	4.510272	2.267584	1.245728	0.635840	0.373792	0.244672
3200000	18.061312	9.063072	4.544608	2.284384	1.157024	0.639520	0.379104	0.248096
3225000	18.201599	9.194400	4.579904	2.303040	1.263552	0.645280	0.372064	0.257472
3250000	18.433599	9.205728	4.614720	2.321184	1.172672	0.650048	0.383328	0.260096
3275000	18.469025	9.275264	4.650592	2.337952	1.281440	0.653760	0.381312	0.253664
3300000	18.619808	9.348256	4.685088	2.355936	1.188960	0.659520	0.391456	0.257888
3325000	18.767712	9.415936	4.720928	2.372384	1.301024	0.664576	0.391008	0.253088
3350000	18.912289	9.487008	4.756608	2.402592	1.207712	0.669088	0.396480	0.258112
3375000	19.044449	9.559232	4.793056	2.408576	1.320896	0.674528	0.395424	0.260896
3400000	19.201056	9.628384	4.826816	2.425408	1.225056	0.677184	0.393088	0.261024
3425000	19.331039	9.699968	4.862208	2.443840	1.339968	0.684928	0.402912	0.263616
3450000	19.470753	9.770464	4.927840	2.461728	1.242432	0.687744	0.402176	0.265408
3475000	19.608864	9.840768	4.934368	2.479872	1.359040	0.693312	0.412480	0.267456
3500000	19.747265	9.910432	4.970400	2.497984	1.261792	0.698528	0.397376	0.269248
3525000	19.901855	9.980832	5.003776	2.514432	1.378656	0.701696	0.404960	0.270080
3550000	20.095776	10.136288	5.039520	2.533504	1.279584	0.707808	0.420768	0.273600
3575000	20.167040	10.122976	5.074720	2.549280	1.420128	0.715680	0.414880	0.319296
3600000	20.333599	10.196320	5.109664	2.568064	1.298464	0.717120	0.422432	0.277824
3625000	20.456127	10.264064	5.144640	2.585952	1.417760	0.720992	0.415392	0.275072
3650000	20.583809	10.336256	5.179776	2.602976	1.314112	0.726784	0.427424	0.285248
3675000	20.726496	10.405472	5.215840	2.619936	1.436064	0.732160	0.430752	0.286688
3700000	20.863808	10.475584	5.251584	2.637952	1.331296	0.735136	0.425280	0.281184
3725000	21.007584	10.548384	5.286816	2.655136	1.455136	0.740096	0.430400	0.287392
3750000	21.164673	10.616768	5.321824	2.672448	1.349312	0.745056	0.433408	0.290208
3775000	21.309153	10.688416	5.356832	2.690016	1.474144	0.751456	0.430016	0.285408
3800000	21.449984	10.760800	5.393248	2.709184	1.367904	0.755744	0.447584	0.291136
3825000	21.659967	10.913344	5.427712	2.725920	1.493856	0.760640	0.452000	0.288544
3850000	21.730528	10.902144	5.463776	2.743936	1.384864	0.765888	0.449472	0.294464
3875000	21.875263	10.972288	5.498368	2.761920	1.513408	0.769376	0.459232	0.293344
3900000	22.029984	11.041920	5.532896	2.781696	1.403424	0.774688	0.443456	0.297632
3925000	22.169792	11.110976	5.567872	2.796128	1.532352	0.778272	0.456928	0.296576
3950000	22.292543	11.181408	5.603232	2.815392	1.419168	0.784640	0.447392	0.298080
3975000	22.441025	11.254048	5.639488	2.832864	1.550048	0.789184	0.462176	0.302816
4000000	22.576576	11.323616	5.673792	2.850144	1.437472	0.793824	0.457312	0.311232
4025000	22.699903	11.393248	5.708928	2.868864	1.569024	0.798848	0.464896	0.302432
4050000	22.837503	11.464160	5.744640	2.884096	1.454368	0.803648	0.459968	0.305376
4075000	22.972095	11.535200	5.779776	2.902624	1.589376	0.809024	0.467648	0.315648
4100000	23.196863	11.606656	5.833376	2.922912	1.474048	0.812960	0.466048	0.313760
4125000	23.274113	11.677696	5.852448	2.939104	1.608320	0.817632	0.476576	0.309376
4150000	23.410849	11.748768	5.887040	2.955648	1.491488	0.823040	0.470720	0.313344
4175000	23.528896	11.817440	5.920640	2.973088	1.627104	0.827712	0.484448	0.315968
4200000	23.692192	11.890752	5.956768	2.991968	1.507840	0.831936	0.475168	0.318848
4225000	23.822176	11.960128	5.993280	3.009056	1.648896	0.838080	0.479936	0.321056
4250000	23.970400	12.029664	6.027296	3.028352	1.526464	0.842656	0.494624	0.325248
4275000	24.107264	12.099552	6.062880	3.043136	1.667296	0.846304	0.488576	0.322240
4300000	24.240448	12.171520	6.098176	3.063136	1.544064	0.851616	0.486144	0.328032
4325000	24.386848	12.242720	6.202368	3.080384	1.684960	0.856928	0.494400	0.326048
4350000	24.615520	12.312704	6.168928	3.097152	1.560768	0.861280	0.492480	0.326816
4375000	24.678848	12.382784	6.216160	3.117280	1.704480	0.864992	0.500384	0.328608
4400000	24.799007	12.454496	6.239968	3.132640	1.578976	0.870112	0.497856	0.336704
4425000	24.948641	12.524608	6.274176	3.152064	1.723968	0.876160	0.502560	0.332736
4450000	25.086975	12.596160	6.309504	3.168320	1.597120	0.879360	0.518496	0.333120
4475000	25.252512	12.664960	6.344224	3.184544	1.743648	0.884736	0.507072	0.336256
4500000	25.392736	12.735168	6.380256	3.203328	1.614336	0.889792	0.519648	0.339360
4525000	25.548544	12.806880	6.416160	3.219680	1.762400	0.893952	0.529120	0.345568
4550000	25.686464	12.877280	6.451712	3.237760	1.632224	0.899680	0.522496	0.352096
4575000	25.886593	13.031712	6.489312	3.256992	1.781664	0.903392	0.522208	0.343200
4600000	25.948065	13.019136	6.523296	3.274528	1.649632	0.909152	0.529568	0.351424
4625000	26.084320	13.089984	6.557280	3.290368	1.800608	0.912960	0.527296	0.350592
4650000	26.211456	13.162304	6.591872	3.309312	1.666144	0.917792	0.524192	0.349856
4675000	26.340511	13.232928	6.628032	3.326784	1.818560	0.922368	0.540000	0.352512
4700000	26.493664	13.300320	6.663744	3.343360	1.685248	0.927232	0.528672	0.352224
4725000	26.634239	13.370336	6.725216	3.364384	1.837312	0.932704	0.552800	0.352992
4750000	26.779936	13.441344	6.734432	3.380224	1.702592	0.937696	0.534912	0.352704
4775000	26.916096	13.514144	6.768960	3.398048	1.858048	0.942496	0.548096	0.364000
4800000	27.129152	13.665568	6.805728	3.415424	1.720448	0.947584	0.539840	0.362048
4825000	27.217600	13.655904	6.840384	3.433184	1.876192	0.951584	0.543840	0.356864
4850000	27.354528	13.723840	6.875744	3.449568	1.737888	0.956800	0.544544	0.364224
4875000	27.480448	13.796256	6.911584	3.467712	1.896576	0.962336	0.553120	0.361632
4900000	27.615072	13.868256	6.946304	3.485888	1.755808	0.966592	0.570176	0.368480
4925000	27.756449	13.935776	6.982016	3.502560	1.915872	0.970816	0.573888	0.366816
4950000	27.903423	14.006176	7.016608	3.521152	1.772544	0.975584	0.557120	0.368288
4975000	28.035007	14.077952	7.055936	3.544416	1.938176	0.983712	0.570208	0.369792
5000000	28.176289	14.149184	7.087232	3.555392	1.790528	0.985408	0.573472	0.371648
5025000	28.396608	14.306560	7.123200	3.574400	1.954144	0.991328	0.568160	0.384864
5050000	28.469791	14.289600	7.161280	3.590432	1.813248	0.994208	0.565184	0.376512
5075000	28.610687	14.359456	7.193280	3.609184	1.972224	0.999552	0.588160	0.380672
5100000	28.767263	14.429856	7.227264	3.625792	1.825632	1.005184	0.582944	0.380480
5125000	28.955711	14.589632	7.262688	3.645024	1.992928	1.009984	0.575296	0.378176
5150000	29.049088	14.571104	7.297824	3.661312	1.842688	1.014240	0.596480	0.387392
5175000	29.219423	14.642976	7.334048	3.681088	2.011968	1.019328	0.604288	0.387584
5200000	29.317600	14.714592	7.369152	3.700608	1.861472	1.024928	0.592352	0.387072
5225000	29.451136	14.848768	7.406272	3.802656	2.030816	1.031264	0.597888	0.385056
5250000	29.607519	14.858656	7.442400	3.732032	1.882624	1.033824	0.585856	0.397664
5275000	29.740288	14.926560	7.474912	3.749344	2.049408	1.037472	0.590112	0.387232
5300000	29.884064	14.994912	7.509792	3.767168	1.895968	1.043680	0.603808	0.393440
5325000	30.022367	15.066432	7.546176	3.785120	2.067968	1.048640	0.608672	0.390400
5350000	30.154207	15.138144	7.580928	3.803232	1.919616	1.059488	0.610720	0.410560
5375000	30.326656	15.208064	7.617184	3.821216	2.088032	1.060288	0.600224	0.396512
5400000	30.450624	15.278688	7.652544	3.839296	1.931264	1.062624	0.621792	0.402816
5425000	30.637953	15.433632	7.688768	3.856224	2.107200	1.066496	0.615008	0.405504
5450000	30.727327	15.418848	7.724000	3.874880	1.949792	1.072736	0.621632	0.410080
5475000	30.879265	15.489824	7.756768	3.891968	2.128096	1.077440	0.622208	0.403648
5500000	31.025921	15.559872	7.793952	3.909312	1.966912	1.080864	0.628032	0.410496
5525000	31.173536	15.631456	7.827072	3.926624	2.146336	1.085888	0.621536	0.407328
5550000	31.314495	15.705120	7.864992	3.944416	1.985824	1.092000	0.630112	0.412352
5575000	31.450880	15.771008	7.897888	3.963584	2.165120	1.095936	0.620704	0.409024
5600000	31.614048	15.842272	7.995808	3.980544	2.001760	1.100000	0.647072	0.414016
5625000	31.819233	15.913376	7.970528	3.999424	2.184768	1.106112	0.641088	0.410752
5650000	31.878176	15.984576	8.014144	4.018432	2.020672	1.110272	0.625888	0.418432
5675000	32.008801	16.055519	8.040160	4.032896	2.201888	1.115872	0.643680	0.422368
5700000	32.151966	16.124895	8.076960	4.051072	2.038496	1.120384	0.636352	0.419808
5725000	32.292866	16.200832	8.112416	4.068128	2.223232	1.125536	0.641472	0.442336
5750000	32.458656	16.267872	8.146752	4.084864	2.056032	1.132864	0.638432	0.426240
5775000	32.572609	16.338816	8.182144	4.104032	2.241344	1.133952	0.666496	0.426144
5800000	32.796703	16.502432	8.218336	4.121696	2.085056	1.138976	0.656096	0.435008
5825000	32.870975	16.479967	8.252160	4.137792	2.261536	1.143488	0.658848	0.435072
5850000	32.994656	16.549185	8.286016	4.159680	2.090144	1.149888	0.666368	0.435584
5875000	33.127712	16.619040	8.321920	4.173536	2.279840	1.152832	0.661056	0.431232
5900000	33.275490	16.691135	8.359424	4.191840	2.107712	1.159136	0.659072	0.436832
5925000	33.424961	16.761600	8.392224	4.208576	2.298240	1.162816	0.675872	0.441248
5950000	33.574081	16.832993	8.429344	4.226016	2.125376	1.167296	0.667840	0.444064
5975000	33.709984	16.903105	8.528448	4.245408	2.318656	1.172416	0.668000	0.438016
6000000	33.926273	16.973921	8.498240	4.261760	2.144512	1.177248	0.664064	0.446944
6025000	33.970081	17.042688	8.534976	4.281056	2.336224	1.183488	0.665888	0.441408
6050000	34.088703	17.113056	8.568928	4.297600	2.160864	1.187360	0.674912	0.444896
6075000	34.223679	17.189472	8.608448	4.320576	2.374656	1.193664	0.683520	0.444032
6100000	34.370144	17.256384	8.640704	4.332544	2.178848	1.197696	0.678144	0.448480
6125000	34.525887	17.324833	8.678720	4.351104	2.375680	1.201216	0.682528	0.446336
6150000	34.668129	17.397472	8.710656	4.433376	2.196608	1.207680	0.686432	0.451456
6175000	34.888767	17.467520	8.747776	4.385632	2.395456	1.210656	0.698336	0.456000
6200000	34.939232	17.537344	8.791520	4.404832	2.214816	1.216256	0.687136	0.458016
6225000	35.097183	17.607712	8.816384	4.420992	2.413920	1.220320	0.702592	0.459296
6250000	35.225346	17.680449	8.851680	4.437856	2.231840	1.226304	0.712960	0.457952
6275000	35.337631	17.751104	8.889152	4.457056	2.432832	1.231840	0.711200	0.457856
6300000	35.502750	17.820383	8.921856	4.475872	2.249824	1.234624	0.695232	0.463712
6325000	35.651840	17.891840	8.957376	4.550816	2.451712	1.240192	0.702016	0.459008
6350000	35.902241	17.961151	8.993920	4.508608	2.269056	1.244800	0.722560	0.472160
6375000	35.946274	18.031200	9.029344	4.527968	2.471712	1.250240	0.715584	0.469152
6400000	36.074657	18.104992	9.065728	4.545376	2.284576	1.255008	0.723744	0.470688
6425000	36.223518	18.174368	9.099232	4.563008	2.490304	1.260256	0.723360	0.469280
6450000	36.365986	18.244287	9.134432	4.580224	2.306240	1.264800	1.544448	0.472800
6475000	36.509888	18.316128	9.172064	4.597920	2.509632	1.268544	0.735904	0.472352
6500000	36.644993	18.449247	9.206912	4.616800	2.404480	1.274624	0.738176	0.475680
6525000	36.795967	18.455040	9.239648	4.632192	2.528768	1.278528	0.716928	0.481248
6550000	36.923454	18.525440	9.274752	4.650848	2.338432	1.282176	0.741536	0.482496
6575000	37.083679	18.597281	9.311936	4.673888	2.550848	1.289216	0.752800	0.481984
6600000	37.240318	18.667040	9.347520	4.685536	2.354624	1.292896	0.752064	0.482304
6625000	37.379490	18.739328	9.382304	4.704160	2.567840	1.297856	0.736288	0.482784
6650000	37.505215	18.808704	9.478720	4.720384	2.372928	1.303424	0.774784	0.490752
6675000	37.699074	18.880705	9.452832	4.739232	2.586304	1.310912	0.748032	0.482272
6700000	37.769184	18.950624	9.491456	4.770048	2.392416	1.312320	0.743200	0.492416
6725000	37.894848	19.021313	9.525344	4.775136	2.605440	1.315968	0.733952	0.499232
6750000	38.027775	19.091553	9.558432	4.791968	2.412448	1.322368	0.768832	0.502368
6775000	38.199936	19.164896	9.594272	4.809632	2.624320	1.326560	0.755392	0.491040
6800000	38.327328	19.233280	9.628960	4.827392	2.425696	1.330240	0.753216	0.493600
6825000	38.500862	19.384865	9.669856	4.847520	2.644992	1.336448	0.754688	0.499296
6850000	38.603554	19.374496	9.698304	4.862752	2.443360	1.339552	0.787520	0.500224
6875000	38.736511	19.445280	9.734560	4.880096	2.663072	1.346624	0.772736	0.503200
6900000	38.898560	19.515841	9.770560	4.897664	2.462400	1.349536	0.762272	0.506528
6925000	39.069599	19.585505	9.807840	4.914784	2.684448	1.354752	0.765376	0.501536
6950000	39.215298	19.677792	9.842336	4.932224	2.480064	1.360448	0.767968	0.511712
6975000	39.327042	19.727425	9.938592	4.950624	2.701440	1.448160	0.779648	0.509696
7000000	39.456322	19.798944	9.914944	4.972064	2.499424	1.372960	0.772160	0.507008
7025000	39.597057	19.870625	9.946496	4.986560	2.721664	1.374784	0.808704	0.516576
7050000	39.753952	19.938944	9.981728	5.003968	2.515392	1.379904	0.782144	0.512992
7075000	39.905407	20.010529	10.018016	5.021536	2.740416	1.383488	0.794272	0.515040
7100000	40.036705	20.080160	10.052896	5.039232	2.533216	1.389568	0.783744	0.514144
7125000	40.171070	20.150721	10.087104	5.055616	2.759328	1.393792	0.793568	0.514752
7150000	40.351906	20.303425	10.124576	5.073472	2.550624	1.397568	0.798560	0.524736
7175000	40.445793	20.292543	10.157632	5.096992	2.783776	1.405600	0.803904	0.520256
7200000	40.594624	20.362753	10.192960	5.109504	2.567264	1.407776	0.802560	0.531232
7225000	40.745247	20.433599	10.229920	5.127296	2.798112	1.413024	0.799392	0.526016
7250000	40.876926	20.502399	10.265312	5.144000	2.585600	1.416544	0.796000	0.527072
7275000	41.014977	20.573248	10.300544	5.164768	2.818496	1.422176	0.824352	0.525824
7300000	41.216351	20.670431	10.338752	5.179584	2.603200	1.428192	0.823008	0.530048
7325000	41.296032	20.715967	10.370368	5.197760	2.836000	1.433312	0.828480	0.533856
7350000	41.436897	20.790016	10.406368	5.214496	2.619648	1.437760	0.820992	0.542496
7375000	41.548862	20.857599	10.441664	5.235680	2.855744	1.442240	0.810560	0.534272
7400000	41.725086	20.926144	10.475648	5.250976	2.638144	1.446560	0.821088	0.541472
7425000	41.875969	20.997025	10.514720	5.269024	2.874496	1.453824	0.820256	0.535040
7450000	42.061119	21.152864	10.546688	5.287136	2.661024	1.458368	0.825920	0.542240
7475000	42.136639	21.143681	10.583200	5.304736	2.897536	1.460672	0.833056	0.542176
7500000	42.271072	21.210144	10.618080	5.479968	2.675328	1.466016	0.855200	0.547616
7525000	42.434368	21.353216	10.654816	5.340192	2.916960	1.474208	0.855232	0.548160
7550000	42.559776	21.351648	10.694368	5.361152	2.691456	1.474272	0.843520	0.551872
7575000	42.865440	21.423967	10.789568	5.374624	2.934432	1.480832	0.835424	0.544992
7600000	42.848320	21.492128	10.759232	5.391808	2.708000	1.484192	0.846336	0.560448
7625000	42.998657	21.564224	10.819616	5.413184	2.955584	1.493344	0.844480	0.556352
7650000	43.145153	21.635967	10.830528	5.427744	2.728352	1.498528	0.843776	0.561888
7675000	43.274239	21.709152	10.869440	5.445344	2.971264	1.498752	0.855840	0.554176
7700000	43.397343	21.843744	10.901376	5.562336	2.748256	1.505344	0.859360	0.568064
7725000	43.620384	21.907200	10.997536	5.483424	3.078048	1.510080	0.859808	0.562624
7750000	43.762592	22.011232	10.971424	5.497152	2.761760	1.513184	0.855520	0.560768
7775000	43.799042	21.986624	11.069184	5.516384	3.010560	1.518304	0.852128	0.561856
7800000	43.929695	22.116993	11.179328	5.532704	2.780256	1.522624	0.863872	0.571424
7825000	44.092159	22.267040	11.080064	5.639296	3.028512	1.536672	0.870432	0.564992
7850000	44.320000	22.293760	11.217184	5.572160	2.891872	1.536416	0.872384	0.577216
7875000	44.458942	22.379328	11.224416	6.203840	3.050656	1.539968	0.946112	0.572672
7900000	44.561985	22.403584	11.184448	5.668160	2.815264	1.543200	0.895104	0.572032
7925000	44.741280	22.497375	11.304992	5.622976	3.082144	1.551520	0.874400	0.572064
7950000	44.900097	22.594816	11.256256	5.647296	2.834656	1.551264	0.882592	0.577920
7975000	45.024895	22.552320	11.290080	5.658336	3.087040	1.558592	0.875616	0.575712
8000000	45.096802	22.623903	11.322880	5.675296	2.849792	1.561824	0.897568	0.579264
8025000	45.260960	22.694401	11.359808	5.694208	3.105504	1.566560	0.884096	0.579168
8050000	45.448734	22.877089	11.398848	5.711424	2.867552	1.570720	0.884192	0.588288
8075000	45.595520	22.897312	11.432576	5.831680	3.125472	1.577696	0.882208	0.581952
8100000	45.736351	23.324512	11.723712	5.749120	3.166528	1.583776	0.931840	0.586048
8125000	46.098656	23.276863	11.799232	5.764864	3.445888	1.587552	0.909152	0.589280
8150000	46.143711	23.048609	11.548160	5.781824	2.904608	1.594560	0.900032	0.591680
8175000	46.142879	23.283968	11.573344	5.803392	3.180768	1.596096	0.898752	0.600128
8200000	46.226143	23.190271	11.608704	5.829568	2.922304	1.602336	0.935072	0.595712
8225000	46.351936	23.259872	11.655616	5.835520	3.185472	1.622048	0.916576	0.593472
8250000	46.521378	23.330976	11.694944	5.869184	2.940288	1.612448	0.909984	0.591680
8275000	46.724640	23.569792	11.713312	5.869824	3.201888	1.615008	0.937952	0.595872
8300000	46.762177	23.469952	11.747840	5.886880	2.957120	1.619648	0.921312	0.613312
8325000	46.910526	23.539425	11.784544	5.943232	3.227552	1.637472	0.937632	0.601760
8350000	47.155617	23.775648	11.883968	5.921792	2.976064	1.632864	0.947360	0.606176
8375000	47.185631	23.682783	11.856224	5.939840	3.242688	1.635008	0.931456	0.604640
8400000	47.363007	23.752192	11.894528	5.960448	2.995808	1.661888	0.949088	0.611072
8425000	47.535458	23.993183	11.990720	5.977920	3.261792	1.645152	0.937792	0.608800
8450000	47.609665	23.893440	11.959744	5.993024	3.009248	1.647968	0.927168	0.610976
8475000	47.760223	23.965696	12.008800	6.011392	3.278272	1.653248	0.928128	0.609600
8500000	47.904961	24.033119	12.028960	6.028096	3.027008	1.656608	0.943200	0.616384
8525000	48.026081	24.106976	12.065664	6.046944	3.296416	1.663200	0.940480	0.614400
8550000	48.159554	24.175585	12.100480	6.062720	3.043744	1.666016	0.965664	0.619552
8575000	48.319199	24.245983	12.141728	6.102016	3.324192	1.678848	0.956128	0.620064
8600000	48.536095	24.479168	12.171904	9.308896	3.063776	1.683872	0.944576	0.618752
8625000	48.620831	24.625055	12.372160	6.118464	3.334240	1.682400	0.941536	0.620832
8650000	48.740734	24.619936	12.243712	6.134336	3.080224	1.686560	0.948064	0.626560
8675000	48.863873	24.529312	12.276128	6.150368	3.357376	1.690784	0.951616	0.621120
8700000	48.988384	24.602465	12.357568	6.171008	3.106048	1.702400	0.966528	0.627072
8725000	49.314079	24.830721	12.349056	6.189376	3.372640	1.702528	0.957664	0.626528
8750000	49.283295	24.740192	12.383968	6.204320	3.115008	1.705952	0.961344	0.624736
8775000	49.429279	24.812639	12.420064	6.222528	3.392896	1.712704	0.969696	0.636480
8800000	49.575008	24.883776	12.453664	6.239808	3.133952	1.715744	0.966528	0.633664
8825000	49.717602	24.952703	12.489536	6.257792	3.412096	1.719680	0.966112	0.632544
8850000	49.868607	25.025761	12.525600	6.277344	3.149920	1.725888	0.983264	0.637504
8875000	49.977505	25.095039	12.580448	6.457184	3.433344	1.730240	0.984896	0.641152
8900000	50.190464	25.324991	12.756800	6.310528	3.168704	1.734272	0.982688	0.641856
8925000	50.274494	25.237791	12.647328	6.486624	3.452032	1.740448	0.985600	0.640928
8950000	50.458687	25.371967	12.826944	6.349120	3.185632	1.743968	0.982208	0.646784
8975000	50.535103	25.376385	12.701312	6.363360	3.473024	1.748288	0.985216	0.645984
9000000	50.703327	25.446527	12.735680	6.380832	3.202816	1.754144	1.000640	0.648640
9025000	50.815231	25.521248	12.772992	6.397984	3.487392	1.759072	0.993600	0.648160
9050000	50.949024	25.588064	12.806496	6.416192	3.219648	1.763200	0.988320	0.648928
9075000	51.083199	25.662464	12.913088	6.434464	3.514016	1.795680	1.002016	0.651744
9100000	51.364223	25.898848	12.955584	6.452352	3.239520	1.773728	0.994400	0.823712
9125000	51.394878	25.799776	12.913088	6.469888	3.526496	1.779072	1.006112	0.659712
9150000	51.515137	25.869600	12.948704	6.487744	3.257600	1.783488	1.030720	0.664320
9175000	51.724289	25.942560	12.983040	6.504416	3.547392	1.787392	1.010240	0.661856
9200000	51.873024	26.013023	13.019488	6.523360	3.274368	1.793024	1.043936	0.666464
9225000	52.009953	26.152479	13.225440	6.603968	3.567328	1.800544	1.004704	0.657536
9250000	52.225151	26.312704	13.093600	6.561440	3.296320	1.805632	1.023104	0.671328
9275000	52.240288	26.226145	13.125760	6.576288	3.586880	1.810080	1.010944	0.667104
9300000	52.384159	26.297855	13.160352	6.593248	3.308192	1.811424	1.052064	0.667264
9325000	52.565472	26.436800	13.257824	6.611296	3.605920	1.825280	1.060864	0.675552
9350000	52.769375	26.498049	13.297376	6.628224	3.327392	1.820544	1.200256	0.676352
9375000	52.827457	26.507328	13.270720	6.650528	3.623520	1.828096	1.026944	0.671712
9400000	53.018944	26.738592	13.301088	6.666624	3.346592	1.831232	1.023392	0.676896
9425000	53.179424	26.814592	13.337280	6.680768	3.643392	1.836288	1.036832	0.673984
9450000	53.272385	26.722784	13.435808	6.704672	3.372640	1.988096	1.044352	0.683200
9475000	53.522335	26.950081	13.423488	12.324320	3.669984	1.846144	1.054080	0.679712
9500000	53.702335	27.021761	13.603872	6.733632	3.380224	1.849664	1.037888	0.691744
9525000	53.657375	26.929855	13.540352	6.765568	3.684096	1.858208	1.047680	0.676992
9550000	53.894978	27.163649	13.514912	6.772896	3.412064	1.864832	1.085152	0.696608
9575000	54.149090	27.271008	13.550208	6.802176	3.714016	1.976064	1.050144	0.687680
9600000	54.242912	27.327360	13.656160	6.974432	3.417024	1.882784	1.073536	0.688160
9625000	54.320225	27.277536	13.635264	6.838720	6.262048	1.877344	1.069920	0.694112
9650000	54.446529	27.459904	13.716736	6.844416	3.436992	1.879488	1.053376	0.687104
9675000	54.727264	27.511936	13.764224	6.859104	3.757408	1.885248	1.082080	0.694752
9700000	54.735104	27.584352	13.912160	6.879680	3.450272	1.894816	1.096576	0.700736
9725000	54.890945	27.656481	13.826976	6.894048	3.928768	1.895040	1.067648	0.699968
9750000	55.051167	27.628321	13.856800	7.077472	3.470688	1.897408	1.072576	0.698624
9775000	55.110527	27.806976	13.895808	7.733312	3.778240	1.902880	1.065504	0.701856
9800000	55.279648	27.889696	13.900320	6.948352	3.505152	1.937984	1.071200	0.707712
9825000	55.501087	27.836576	13.906240	6.965280	6.288960	2.079360	1.081056	0.704864
9850000	55.519295	28.008961	14.096672	6.983008	6.009504	1.918528	1.093408	0.712608
9875000	55.669281	28.078304	13.973632	7.162048	3.818496	1.933760	1.972032	0.723200
9900000	55.971455	28.152063	14.023584	7.181088	3.523232	1.926400	1.109888	0.711392
9925000	56.011360	28.223007	14.044480	7.095328	3.834048	1.933344	1.094528	0.708448
9950000	56.036289	28.130753	14.077952	7.052320	3.538336	1.938272	1.117504	0.716768
9975000	56.216030	29.018463	14.115136	7.136160	3.854080	1.942048	1.114464	0.711904
10000000	56.517506	28.273151	14.149216	7.086976	3.558176	1.946208	1.111808	0.716384