size	1	2	4
25000	0.394566	6.819526	36.661593	
50000	0.737568	0.394878	34.053358	
75000	1.061948	0.776661	0.326211	
100000	2.922157	0.715504	9.193945	
125000	12.179932	2.935461	33.697173	
150000	2.067325	1.074837	0.569020	
175000	2.425842	1.228847	0.660373	
200000	2.866304	1.405502	0.742305	
225000	3.075449	1.570677	0.827752	
250000	3.506721	1.744777	0.905607	
275000	3.771523	1.905667	1.027597	
300000	4.119217	2.119375	1.211501	
325000	6.469046	4.265636	24.916548	
350000	4.893331	2.453664	1.362927	
375000	5.154382	2.715227	1.333959	
400000	5.522454	2.799264	1.406146	
425000	5.883927	2.954103	1.509680	
450000	6.291126	3.152257	1.626983	
475000	6.530472	3.295838	1.666916	
500000	15.800454	3.443124	1.863693	
525000	7.200581	3.635531	1.871109	
550000	7.572001	3.812836	1.961376	
575000	8.181621	3.989643	2.250133	
600000	8.311467	4.148927	2.123733	
625000	8.606692	4.291032	2.332229	
650000	9.277432	11.065217	2.308289	
675000	9.261148	4.678796	2.367395	
700000	9.650161	5.013544	2.478575	
725000	9.960540	5.023098	2.547941	
750000	10.337008	5.192966	2.827934	
775000	10.694715	5.443736	20.218620	
800000	11.095885	5.742970	20.282679	
825000	11.454604	5.727967	9.154297	
850000	11.724040	5.893756	7.492569	
875000	13.467079	6.054343	3.045044	
900000	12.346362	6.203649	3.354502	
925000	12.770713	6.430279	3.259157	
950000	13.052094	6.550658	3.549534	
975000	25.632495	6.736667	3.628618	
1000000	13.726459	6.912265	3.596963	
1025000	14.220818	7.085873	3.586130	
1050000	14.436641	7.236939	3.739745	
1075000	18.936057	12.990530	3.768657	
1100000	15.280977	7.569173	3.796821	
1125000	15.421935	7.762453	4.077162	
1150000	15.820488	7.975301	4.020850	
1175000	20.825747	8.331125	4.424349	
1200000	16.528185	8.286331	4.349260	
1225000	16.797226	8.449296	4.288852	
1250000	17.242544	8.679850	43.288236	
1275000	21.213668	8.877283	5.436721	
1300000	18.156082	11.760983	18.799923	
1325000	18.184374	9.210160	4.784152	
1350000	18.696112	9.438452	4.713700	
1375000	18.897106	15.934019	5.026634	
1400000	19.179825	9.817038	4.914543	
1425000	19.546971	9.892794	5.072831	
1450000	20.495387	15.568162	10.693545	
1475000	20.318181	10.234005	5.214179	
1500000	20.627123	10.350645	5.776044	
1525000	22.910588	10.612061	5.405705	
1550000	21.463712	10.700517	5.734956	
1575000	21.776566	10.931318	5.524851	
1600000	26.465218	11.097426	6.567226	
1625000	24.346110	12.245259	36.020930	
1650000	27.738551	11.394108	5.848636	
1675000	31.584138	11.649886	6.054390	
1700000	24.064819	22.635998	6.083337	
1725000	23.957907	11.932056	6.043941	
1750000	24.018645	12.304346	6.098338	
1775000	27.898738	12.213486	6.956678	
1800000	24.742712	12.462443	6.479587	
1825000	25.090427	22.835769	23.939695	
1850000	25.432851	12.754407	6.615379	
1875000	25.799064	26.782612	6.889252	
1900000	26.070136	13.152005	17.600810	
1925000	26.613436	20.331910	38.100632	
1950000	26.974450	13.689759	6.916598	
1975000	30.277603	13.713509	7.108232	
2000000	27.443031	13.731390	7.456569	
2025000	27.933771	19.720304	7.112490	
2050000	28.313594	14.183772	7.191457	
2075000	28.411025	21.041293	7.397275	
2100000	28.848858	14.529743	7.398527	
2125000	29.429757	26.291853	7.625127	
2150000	29.765850	15.218876	30.760531	
2175000	30.976737	15.610499	8.003843	
2200000	30.222538	15.208003	7.766645	
2225000	34.955452	15.309535	7.718779	
2250000	31.273922	15.863994	8.386794	
2275000	33.068387	15.736733	42.111387	
2300000	31.743459	18.368889	27.986670	
2325000	31.984929	16.024195	13.668757	
2350000	33.069012	17.014416	8.312576	
2375000	32.612497	22.043231	34.951715	
2400000	33.091211	16.516834	8.539047	
2425000	33.339529	25.454082	44.775128	
2450000	33.647230	16.870449	32.779449	
2475000	33.971652	17.923373	8.934574	
2500000	34.712200	20.990065	8.718247	
2525000	34.622238	17.364621	8.905695	
2550000	35.709100	18.161854	9.109877	
2575000	37.805658	25.914974	34.082138	
2600000	35.901103	17.906991	9.275497	
2625000	44.183179	18.288331	9.765183	
2650000	36.272313	18.204368	9.441941	
2675000	41.090752	18.421040	9.379363	
2700000	37.415454	18.542945	9.504953	
2725000	48.204353	18.842707	9.750671	
2750000	37.765834	19.006113	9.847753	
2775000	38.179157	24.463635	32.833248	
2800000	38.655165	30.706037	36.463350	
2825000	38.803250	19.669912	27.570295	
2850000	39.270613	19.581033	10.784334	
2875000	39.577161	21.661945	10.002950	
2900000	39.702334	19.895191	29.080135	
2925000	40.140645	20.195601	10.866985	
2950000	49.627103	24.206931	10.522965	
2975000	41.253574	20.514250	33.772768	
3000000	41.082692	20.690052	36.143209	
3025000	43.667923	20.836246	10.758114	
3050000	46.630401	21.005194	10.885213	
3075000	42.105834	21.118927	26.813358	
3100000	42.830272	27.900893	10.925254	
3125000	53.100179	22.023405	11.303423	
3150000	50.189741	34.986972	39.294777	
3175000	45.462736	32.948535	11.420973	
3200000	44.282505	21.992467	11.293203	
3225000	51.725026	22.291477	11.542363	
3250000	44.675587	30.888436	15.820235	
3275000	54.005770	24.892827	36.303872	
3300000	45.341716	22.957856	11.924425	
3325000	46.185006	22.916664	11.994076	
3350000	45.927180	38.137098	29.540547	
3375000	47.416826	25.566358	39.718194	
3400000	46.662242	24.759308	37.724481	
3425000	53.796369	26.053475	44.673434	
3450000	47.239260	29.921788	37.470043	
3475000	50.462061	27.544169	39.406173	
3500000	48.359742	25.756322	27.615037	
3525000	48.580771	24.497878	12.343508	
3550000	55.353003	29.742287	31.985602	
3575000	51.889903	24.777584	12.475454	
3600000	50.182391	32.149356	13.199583	
3625000	50.020036	24.946687	26.057157	
3650000	50.152914	25.077355	12.840747	
3675000	50.845142	25.267505	32.757577	
3700000	55.057604	27.745812	22.720226	
3725000	52.238540	42.797216	13.014247	
3750000	51.329845	25.781909	27.995684	
3775000	51.930000	25.925096	13.836457	
3800000	54.137706	26.255594	13.613611	
3825000	52.532282	36.717097	14.105762	
3850000	61.001027	26.802196	60.756693	
3875000	55.382935	26.589171	35.832333	
3900000	57.097908	28.343837	43.863384	
3925000	56.748831	27.195977	14.587141	
3950000	54.579156	38.958940	24.318876	
3975000	54.845591	29.123653	24.985862	
4000000	55.105802	31.346174	17.184991	
4025000	55.482090	27.939290	44.561054	
4050000	55.962551	38.539934	15.133294	
4075000	56.079166	29.856131	36.569929	
4100000	56.994501	35.187477	55.792840	
4125000	63.960931	28.461459	14.871090	
4150000	59.227740	32.096562	14.558918	
4175000	57.786064	35.443716	15.024094	
4200000	57.664804	32.164150	29.821429	
4225000	58.717802	36.540642	50.939831	
4250000	60.443839	29.355953	14.833077	
4275000	63.496092	30.506535	15.078510	
4300000	58.893185	33.452263	15.239313	
4325000	59.594900	33.962137	15.392183	
4350000	59.878478	35.161962	15.658109	
4375000	62.258172	32.995265	41.657261	
4400000	62.047136	30.375123	15.546689	
4425000	60.987711	30.546472	66.957593	
4450000	66.194557	32.230896	15.578812	
4475000	64.159104	30.997468	15.723975	
4500000	63.202255	31.231018	16.043397	
4525000	68.340340	31.360221	41.550735	
4550000	65.874523	31.477426	16.461994	
4575000	63.717986	31.604088	42.741124	
4600000	70.294814	31.767923	45.663817	
4625000	71.917361	32.422577	16.190625	
4650000	81.079970	32.766780	45.342247	
4675000	69.567205	32.087237	17.189785	
4700000	69.626125	32.410700	16.475914	
4725000	68.178169	32.695628	16.570122	
4750000	68.820829	32.740274	33.769240	
4775000	68.895379	33.011680	55.310296	
4800000	69.204376	33.090118	17.118538	
4825000	69.747472	36.109246	16.948165	
4850000	74.580080	33.550181	16.985140	
4875000	69.642646	34.151486	17.168118	
4900000	69.204836	39.922618	17.181462	
4925000	67.739140	34.462029	44.656803	
4950000	73.610307	34.213213	17.529929	
4975000	71.735839	35.401081	58.386380	
5000000	69.695293	34.721803	18.320728	
5025000	70.253162	34.654746	42.945159	
5050000	79.501926	34.936483	18.456439	
5075000	73.352548	34.931071	57.671449	
5100000	71.749808	35.179144	17.884761	
5125000	74.140846	35.320271	17.945546	
5150000	71.849592	35.442886	34.930008	
5175000	71.788432	35.839600	18.255822	
5200000	72.223211	35.961999	18.362042	
5225000	74.475183	36.335368	18.406985	
5250000	76.963255	47.053800	18.517005	
5275000	74.472402	36.656037	18.505532	
5300000	77.187142	46.340270	28.083607	
5325000	75.666362	36.841606	20.843142	
5350000	75.486447	36.838089	24.013376	
5375000	75.540039	36.952334	60.796154	
5400000	76.438069	37.254234	20.539388	
5425000	74.940700	37.445982	60.356774	
5450000	75.278757	37.847544	19.435311	
5475000	79.587322	37.886265	19.136838	
5500000	85.309006	37.867634	19.367631	
5525000	78.407705	39.595336	63.217978	
5550000	76.760856	38.290150	55.107505	
5575000	76.557329	39.198225	19.640670	
5600000	78.280169	43.301530	19.595019	
5625000	83.719880	38.827352	19.895300	
5650000	86.747376	38.991954	20.456470	
5675000	86.914611	39.064544	19.897822	
5700000	88.558512	39.136737	26.177522	
5725000	81.184842	39.450345	20.021971	
5750000	84.661280	39.949966	50.052560	
5775000	84.237567	39.828352	56.711215	
5800000	81.935359	40.547868	60.301962	
5825000	83.754963	44.873686	21.150920	
5850000	82.039322	44.628441	21.154234	
5875000	81.721047	40.665997	21.328142	
5900000	83.280506	40.771729	20.800829	
5925000	85.933641	40.981848	23.092260	
5950000	81.690719	41.040607	20.765366	
5975000	89.527660	45.341574	21.065407	
6000000	87.508269	41.836862	21.223693	
6025000	84.777551	42.465636	25.014549	
6050000	84.347357	41.487752	21.145081	
6075000	84.734992	41.853478	21.391242	
6100000	88.064140	42.283488	22.236649	
6125000	84.874882	42.334690	30.312973	
6150000	85.459583	44.376911	25.640972	
6175000	86.735694	42.822803	21.887465	
6200000	85.931453	46.438451	21.629541	
6225000	90.939107	44.400904	24.388200	
6250000	93.650314	43.357505	28.573316	
6275000	91.504648	57.106673	36.575201	
6300000	90.483119	43.422632	22.821141	
6325000	92.517185	43.482309	23.233419	
6350000	94.212610	43.493801	22.202634	
6375000	90.257082	43.702876	22.125329	
6400000	91.953709	44.016043	22.495085	
6425000	92.418218	44.200488	22.303830	
6450000	93.453375	44.361607	22.557494	
6475000	97.616209	45.035463	22.854883	
6500000	105.271713	44.703307	69.798328	
6525000	89.557847	48.369886	23.546389	
6550000	90.440626	45.097387	63.577392	
6575000	89.920663	53.822336	24.275993	
6600000	92.022390	45.334386	65.879382	
6625000	101.569645	48.887377	61.509384	
6650000	95.282373	57.506125	60.782007	
6675000	92.720618	46.111556	62.677833	
6700000	101.266492	46.339500	60.396531	
6725000	95.587388	46.647552	62.817576	
6750000	92.884907	62.461121	59.405265	
6775000	99.417352	46.535971	63.288135	
6800000	94.929599	64.681617	58.995159	
6825000	99.492592	46.975370	23.821020	
6850000	98.254063	52.529666	26.744227	
6875000	97.976989	47.273384	49.313609	
6900000	96.301986	47.803484	24.267637	
6925000	97.537194	48.052899	88.359038	
6950000	102.591734	56.043404	24.851368	
6975000	103.688720	48.134152	49.325050	
7000000	103.423908	48.080858	29.661089	
7025000	100.307425	48.411300	70.140851	
7050000	96.972910	54.859875	62.524105	
7075000	104.547891	49.037906	64.194365	
7100000	101.910252	58.251150	65.642403	
7125000	97.686876	59.772764	72.142036	
7150000	109.173808	49.737746	27.804046	
7175000	100.263831	50.056410	64.129679	
7200000	98.754169	64.481039	40.997981	
7225000	111.074234	49.625780	61.730079	
7250000	99.467314	53.949524	71.275337	
7275000	99.756586	52.174833	25.414963	
7300000	102.136531	50.277231	25.882571	
7325000	107.377644	50.605383	25.770360	
7350000	102.830620	58.953527	25.719463	
7375000	103.862181	50.689645	65.931781	
7400000	101.251623	57.673985	64.223593	
7425000	103.711768	54.088328	62.735947	
7450000	102.485885	56.965757	25.984776	
7475000	103.001748	51.452396	26.286079	
7500000	110.999213	51.454473	26.423831	
7525000	105.775938	52.122652	26.395695	
7550000	110.897670	52.002237	26.286297	
7575000	103.857138	52.055969	79.307742	
7600000	108.863513	61.220779	66.704034	
7625000	112.377912	52.580466	26.597453	
7650000	105.011140	52.512651	51.650369	
7675000	107.003682	56.845431	72.342718	
7700000	106.328525	53.828581	80.877244	
7725000	110.977658	58.905287	67.348255	
7750000	107.282715	54.383168	26.975248	
7775000	106.674792	53.780130	28.178761	
7800000	111.090122	54.127521	64.439004	
7825000	117.686656	60.497359	78.103473	
7850000	109.828190	54.394446	60.420813	
7875000	108.903783	56.334606	80.868603	
7900000	108.453959	55.507216	77.543122	
7925000	112.197925	56.642174	59.452922	
7950000	114.246231	54.813389	27.678208	
7975000	113.455194	54.969838	29.088204	
8000000	115.424232	54.949684	28.615057	
8025000	111.352071	55.184454	28.499294	
8050000	118.594351	55.269847	53.077688	
8075000	113.279120	56.803887	67.436069	
8100000	120.660309	59.378549	69.575689	
8125000	112.734752	56.417051	71.139061	
8150000	114.322605	56.189716	91.708040	
8175000	114.624974	56.391960	62.958390	
8200000	116.523378	56.623278	31.035663	
8225000	115.645224	56.632194	86.119532	
8250000	115.874258	57.236001	28.961183	
8275000	115.192377	59.200296	30.594863	
8300000	118.953587	59.985314	29.757788	
8325000	116.667493	59.162436	62.111559	
8350000	114.886541	58.363733	45.087051	
8375000	118.404567	58.207286	75.425871	
8400000	115.911915	58.273384	79.401220	
8425000	117.250363	59.362044	52.479397	
8450000	122.208077	63.047536	31.149379	
8475000	121.152825	58.255000	93.510721	
8500000	120.648262	58.278926	30.018470	
8525000	129.664821	59.491196	31.812344	
8550000	117.482001	66.105582	41.669359	
8575000	124.149498	59.036646	30.866899	
8600000	120.971612	59.069150	30.767265	
8625000	118.553098	59.533381	30.016988	
8650000	121.504144	59.474307	68.615429	
8675000	122.582953	59.974532	74.537281	
8700000	120.190266	60.221284	66.383630	
8725000	120.000325	60.146815	35.205271	
8750000	120.878724	60.337408	68.995615	
8775000	125.776482	61.336347	63.902105	
8800000	128.675856	65.083093	47.219800	
8825000	121.124036	61.572872	30.746548	
8850000	121.392562	60.993672	83.130352	
8875000	131.159272	64.425544	30.979281	
8900000	131.682075	61.221308	64.774800	
8925000	127.983696	61.731661	57.501044	
8950000	131.178524	61.772559	31.356676	
8975000	123.108583	69.273112	71.905721	
9000000	123.770509	61.640611	31.252972	
9025000	128.946524	62.007930	31.929989	
9050000	129.421982	73.366357	89.804358	
9075000	131.288156	77.859693	48.436069	
9100000	126.473946	62.706489	31.594959	
9125000	129.231192	62.904214	75.325667	
9150000	132.239511	62.978819	72.169482	
9175000	131.088959	64.055052	32.046221	
9200000	131.193516	63.507403	65.331307	
9225000	126.935895	66.410234	61.741393	
9250000	126.880123	64.111250	68.937017	
9275000	129.561546	72.677261	59.486149	
9300000	127.854124	63.858471	65.423198	
9325000	129.864933	66.672296	64.027464	
9350000	130.336789	64.714904	74.980289	
9375000	136.007032	65.082526	61.464723	
9400000	134.663757	64.479226	64.637040	
9425000	130.093046	65.288219	72.119481	
9450000	134.256856	65.078179	33.133896	
9475000	130.837001	71.322774	69.534844	
9500000	135.914622	65.560140	33.237649	
9525000	133.547930	65.455737	33.856871	
9550000	133.433758	65.929484	67.372307	
9575000	133.365883	66.211819	72.298946	
9600000	135.411515	66.194584	72.943500	
9625000	139.473172	80.900572	75.853385	
9650000	136.006467	67.965937	69.492252	
9675000	137.710967	66.417812	52.446985	
9700000	133.497826	67.706686	75.820208	
9725000	133.659444	66.759427	69.785443	
9750000	137.878997	67.239947	48.532548	
9775000	137.758286	67.479975	60.879053	
9800000	141.399171	67.586052	42.606000	
9825000	138.301790	68.978962	49.296690	
9850000	139.438498	67.930132	47.180061	
9875000	149.024314	67.945017	83.493854	
9900000	137.394473	72.767626	76.975088	
9925000	139.693426	75.457675	58.013076	
9950000	145.473999	69.118882	84.707832	
9975000	139.564254	68.567180	56.064356	
10000000	140.576662	69.518551	51.983343