Size 1 2 4 8 16 32 64 128
1000 91.897346 46.151161 23.254726 11.798264 6.331620 3.627831 3.641043 3.621085
1250 150.230530 77.707260 39.739094 20.259047 12.724920 8.960856 5.272506 5.256903
1500 202.605759 103.810669 52.319206 26.484512 14.371920 9.988727 6.357588 6.360265
1750 297.920013 153.008011 78.067772 39.613934 23.846512 13.166219 8.205693 8.215421
2000 364.112976 185.387817 93.440742 47.176853 25.342730 13.836472 9.888487 9.897753
2250 489.329193 249.657928 127.748245 65.189056 38.193413 24.633144 20.287169 13.463351
2500 570.206787 289.296204 145.727463 73.617935 40.235130 25.778193 21.291950 16.112808
2750 736.926636 372.271057 193.507858 97.764626 56.405895 31.304083 25.942999 21.301540
3000 816.783813 409.774506 210.255737 106.162331 58.113453 32.547794 26.903141 22.493727
3250 1028.760986 519.532532 269.392151 136.344589 78.095001 48.285950 32.254601 28.047718
3500 1115.477051 559.809448 286.360046 144.621017 79.143707 48.916035 33.498734 31.884914
3750 1379.391846 697.578369 360.119598 181.731766 103.565796 57.613091 39.578594 38.850105
4000 1452.753906 734.604065 374.580933 189.025772 103.648148 58.080791 43.369389 48.658886
4250 1757.079102 892.631531 460.447083 233.013428 131.316330 79.377785 63.109093 67.459335
4500 1833.342407 925.100464 470.932922 237.850998 131.083130 78.780510 62.985912 70.503014
4750 2199.241943 1116.879028 575.132935 291.260529 163.658783 91.722855 72.693970 80.144264
5000 2282.391602 1150.462158 584.747925 295.655731 162.299286 91.425377 72.678589 82.728508
5250 2695.631104 1361.727661 690.094604 356.153015 199.728851 119.144394 82.941147 88.645607
5500 2749.742920 1378.568604 692.834045 357.552673 196.534363 117.246605 83.487259 93.875900
5750 3234.142090 1633.703125 828.782532 427.238342 238.811188 133.880539 93.696129 100.691467
6000 3296.786377 1652.673218 829.532349 427.597748 233.925995 132.425919 93.968216 103.243225
6250 3851.706543 1945.405640 984.035278 505.638184 282.995117 166.392685 130.135727 119.950150
6500 3840.779297 1926.508545 968.068481 497.862122 274.487732 161.320160 126.160568 122.048325
6750 4454.932129 2259.101318 1145.859619 588.773071 327.958069 183.529755 142.121002 135.525543